8.401877e-01 0.394383
7.830992e-01 0.798440
9.116474e-01 0.197551
3.352228e-01 0.768230
2.777747e-01 0.553970
4.773971e-01 0.628871
3.647845e-01 0.513401
9.522297e-01 0.916195
6.357117e-01 0.717297
1.416026e-01 0.606969
1.248154e-02 0.242887
1.206479e-01 0.804177
1.389342e-01 0.400944
1.136942e-01 0.108809
9.988548e-01 0.218257
4.911998e-01 0.839112
5.934798e-01 0.296032
6.192116e-01 0.524287
4.714930e-01 0.972775
2.701045e-01 0.771358
4.834176e-01 0.769914
3.540437e-01 0.891529
2.392917e-01 0.352458
7.849568e-01 0.919026
4.883499e-02 0.949327
4.826376e-01 0.086056
1.541285e-01 0.663227
8.764799e-01 0.348893
4.442659e-02 0.020023
4.122250e-01 0.063096
1.769602e-01 0.970634
8.831529e-01 0.850920
2.027191e-01 0.539760
3.061690e-01 0.760249
4.461813e-01 0.667724
4.663038e-01 0.039280
3.686977e-01 0.931835
9.170684e-01 0.720952
2.190084e-01 0.738534
5.833889e-01 0.354049
6.181159e-01 0.165974
3.481037e-01 0.880075
7.859926e-01 0.330337
1.502599e-01 0.893372
2.596381e-01 0.686670
9.443816e-01 0.588640
5.830375e-01 0.858676
3.475500e-01 0.923970
3.063159e-01 0.814767
6.139103e-01 0.910972
3.686907e-01 0.215825
9.325221e-01 0.920128
7.288386e-02 0.881062
5.440547e-01 0.431953
5.192479e-01 0.281059
7.191571e-01 0.307458
3.321070e-01 0.226107
1.011033e-01 0.276235
4.481819e-01 0.416501
8.811012e-02 0.906804
3.646493e-02 0.126075
3.591992e-01 0.760475
9.778474e-01 0.935004
5.753625e-01 0.383188
6.571423e-01 0.368664
1.679784e-01 0.232262
4.570721e-01 0.244413
6.439297e-02 0.732149
4.850582e-02 0.793470
7.173334e-02 0.745071
1.775696e-02 0.950104
1.031596e-02 0.521563
6.753298e-02 0.240062
7.041991e-01 0.732654
5.203968e-01 0.967405
4.995013e-01 0.759735
2.524142e-02 0.134902
3.625657e-01 0.078232
1.607647e-02 0.204655
3.009769e-01 0.819677
3.986608e-01 0.755581
7.526180e-03 0.157807
9.999894e-01 0.204329
8.247088e-01 0.125468
9.963641e-01 0.054058
7.951781e-01 0.072329
1.159821e-04 0.923069
4.225860e-01 0.180372
4.991637e-02 0.391690
8.603498e-01 0.819695
1.648291e-01 0.552485
3.826569e-01 0.452576
5.169223e-01 0.099640
3.279489e-01 0.757294
1.231522e-01 0.992228
3.798031e-01 0.877614
5.995612e-01 0.628910
2.794188e-03 0.747803
7.253205e-01 0.925377
7.877795e-01 0.831038
9.787848e-01 0.743811
9.004411e-01 0.983596
6.583131e-01 0.497259
1.547742e-01 0.830012
8.856154e-01 0.076995
6.408265e-01 0.248044
6.202493e-01 0.229137
6.927095e-01 0.316867
3.173099e-01 0.231428
6.825233e-02 0.633072
1.928853e-01 0.651132
4.778705e-01 0.971466
2.469398e-01 0.546107
6.962214e-01 0.113281
4.377181e-01 0.592540
9.389862e-01 0.450918
3.020125e-01 0.847684
4.001531e-01 0.003231
3.105002e-01 0.598481
8.183546e-01 0.233892
6.318711e-01 0.482950
4.256663e-01 0.304956
6.721261e-01 0.182556
5.735505e-01 0.040864
3.563169e-01 0.695984
6.301863e-01 0.637640
2.899441e-01 0.184622
5.598497e-01 0.627158
6.927604e-01 0.328374
7.035428e-01 0.202213
9.024401e-01 0.684757
5.881607e-01 0.257265
4.559775e-01 0.087644
1.871155e-01 0.877384
6.254086e-01 0.093740
6.484052e-02 0.361601
5.036661e-01 0.593211
6.032632e-01 0.288778
7.288012e-01 0.288379
2.508981e-01 0.189751
9.793068e-01 0.003579
7.777172e-01 0.331479
1.090421e-01 0.436497
9.454954e-01 0.918930
7.007277e-01 0.699075
6.077899e-02 0.685786
2.807069e-01 0.774273
9.251547e-01 0.916273
8.210657e-01 0.203548
7.359297e-01 0.548042
1.801792e-01 0.904932
8.747678e-01 0.873979
3.736132e-01 0.576200
7.692375e-02 0.273911
8.141745e-01 0.492399
3.376050e-01 0.848942
3.713196e-01 0.291053
8.897776e-02 0.684178
6.380280e-01 0.139058
4.894885e-01 0.492422
7.667097e-01 0.724252
7.465838e-02 0.221966
3.509094e-01 0.121259
5.095014e-02 0.360443
1.841958e-01 0.931895
8.655500e-01 0.622095
7.649133e-01 0.818128
3.483171e-01 0.334972
2.466033e-01 0.658831
4.740765e-01 0.258906
4.850631e-02 0.072545
2.822204e-02 0.647207
1.977543e-01 0.288270
1.704455e-01 0.091149
2.561459e-01 0.934495
4.219748e-01 0.265461
5.123786e-01 0.761778
3.162554e-01 0.157272
8.193304e-01 0.625665
3.483208e-01 0.207844
3.691554e-01 0.426199
7.276189e-01 0.394388
9.035736e-02 0.326013
5.837110e-01 0.638654
9.742855e-01 0.338243
8.316355e-01 0.136075
2.192224e-01 0.005409
6.592330e-01 0.774386
1.236693e-01 0.114668
7.816567e-01 0.721006
4.201204e-03 0.449105
9.755537e-01 0.707909
5.917418e-02 0.473894
7.686985e-01 0.093920
1.513673e-02 0.382896
1.134546e-01 0.657120
6.805859e-01 0.131702
4.572416e-03 0.053422
2.418119e-01 0.780868
5.124393e-01 0.442560
1.037601e-01 0.589637
5.584664e-01 0.529899
5.753473e-01 0.361917
2.816911e-01 0.888723
4.542220e-01 0.169820
5.904778e-01 0.525747
5.999658e-01 0.596196
2.126332e-01 0.829808
5.899304e-02 0.098837
9.189875e-01 0.169650
4.368520e-01 0.225491
8.059760e-01 0.290829
3.111977e-01 0.878278
2.984437e-01 0.814909
6.233661e-01 0.036327
2.146942e-01 0.778257
5.879051e-01 0.836104
2.632192e-01 0.221009
1.594187e-01 0.612442
8.162746e-02 0.674605
7.434132e-01 0.719462
1.435372e-01 0.401188
2.485069e-01 0.434009
1.704495e-01 0.385748
4.676169e-01 0.154724
4.916170e-01 0.014579
3.111097e-01 0.382167
2.387967e-01 0.737408
1.970229e-01 0.649659
4.883256e-01 0.919591
6.159504e-01 0.809785
6.296782e-01 0.311950
5.700516e-01 0.006005
4.452487e-01 0.843910
5.391020e-01 0.642693
4.297933e-01 0.400709
2.709293e-01 0.718867
7.528736e-01 0.677812
8.938797e-02 0.032893
2.892156e-02 0.685722
1.011648e-01 0.618958
6.140140e-01 0.567831
9.182553e-05 0.005709
1.969774e-01 0.261570
5.607233e-01 0.857555
9.642981e-02 0.341354
5.747947e-01 0.879009
5.583079e-01 0.313230
8.459977e-01 0.186265
7.936460e-02 0.503461
7.607269e-01 0.675654
8.634107e-01 0.191112
2.577001e-01 0.706067
8.147832e-01 0.547397
6.433733e-01 0.932485
1.196731e-01 0.926576
4.198904e-01 0.933420
3.581034e-01 0.552568
9.125076e-01 0.799646
7.409826e-01 0.594497
5.211812e-01 0.995300
9.021960e-01 0.324541
8.117814e-01 0.589157
4.974566e-01 0.759324
6.737751e-01 0.794910
1.255938e-01 0.604379
3.102866e-01 0.166955
7.010395e-01 0.865086
8.099255e-01 0.664414
2.528968e-01 0.611981
4.261287e-01 0.645601
3.594987e-01 0.148342
4.052375e-01 0.032963
5.557302e-01 0.518151
7.387218e-01 0.515049
2.706449e-02 0.489810
3.289078e-01 0.048500
7.121356e-01 0.384658
4.752930e-01 0.452122
4.060652e-02 0.413078
8.532230e-02 0.406767
8.041077e-04 0.717597
3.760453e-01 0.812947
3.864458e-01 0.446743
2.720656e-01 0.995165
6.803479e-03 0.074260
4.568069e-01 0.597280
7.103197e-02 0.219788
4.436835e-01 0.923513
5.857002e-01 0.462852
2.133057e-01 0.850586
9.131077e-01 0.948911
8.192238e-01 0.767014
1.277124e-01 0.536742
5.810280e-02 0.477551
9.080085e-01 0.466169
7.941814e-01 0.967277
4.177288e-02 0.458039
6.280146e-01 0.766448
8.289782e-01 0.257585
7.413880e-01 0.963505
2.975702e-01 0.402379
5.296257e-01 0.554448
5.936604e-01 0.191028
4.443304e-01 0.360105
6.269939e-01 0.916523
1.806350e-01 0.606542
8.531598e-01 0.109778
3.389148e-01 0.199003
6.192436e-01 0.592692
6.330511e-01 0.596341
3.635672e-02 0.560872
5.112457e-01 0.242626
9.629337e-03 0.343841
4.077666e-03 0.923692
5.515999e-01 0.770686
8.693184e-01 0.933273
1.284210e-01 0.447982
4.316509e-01 0.795231
5.921422e-01 0.965682
9.825474e-02 0.292889
8.554231e-01 0.366028
8.762856e-01 0.747638
3.963584e-01 0.272987
9.339581e-01 0.122326
8.355045e-01 0.623194
6.625792e-01 0.924540
1.213899e-01 0.282284
1.076630e-01 0.202977
5.580159e-01 0.176239
6.448458e-02 0.227552
9.301996e-01 0.013866
8.851481e-02 0.119989
3.588137e-01 0.648545
8.891065e-01 0.100857
5.237958e-01 0.070557
2.903670e-01 0.496431
3.330090e-01 0.293177
1.539475e-01 0.912391
4.701247e-01 0.190709
8.670881e-03 0.431844
7.475794e-01 0.753383
2.327809e-01 0.997970
9.008017e-03 0.523548
1.036076e-01 0.661792
6.039035e-01 0.327616
8.473158e-01 0.646712
2.191501e-01 0.050168
6.870677e-01 0.803330
6.025943e-01 0.681922
8.593977e-01 0.312940
6.519218e-01 0.297933
7.274703e-01 0.189064
4.534131e-01 0.053439
3.198991e-02 0.157275
1.198879e-01 0.136171
4.511163e-01 0.058052
8.385583e-01 0.945502
1.309207e-02 0.925220
3.201664e-01 0.256969
4.259677e-01 0.168837
4.231510e-01 0.476355
7.213482e-01 0.926068
3.578625e-01 0.582250
6.032148e-01 0.225236
1.185428e-01 0.633585
3.706345e-01 0.016651
8.925758e-01 0.347546
7.940808e-02 0.522629
2.313240e-01 0.307168
5.178195e-01 0.645134
2.496778e-01 0.269022
5.484324e-01 0.332892
7.237521e-02 0.759208
9.922585e-02 0.683574
8.803357e-04 0.845123
7.615474e-01 0.600763
1.443002e-01 0.667960
3.351263e-01 0.848000
9.410040e-02 0.256228
8.665369e-03 0.514382
8.089129e-01 0.611411
3.167286e-01 0.821331
9.266982e-01 0.736747
1.439040e-01 0.359942
3.422425e-03 0.023863
6.794366e-05 0.487254
1.074646e-01 0.708262
6.975654e-01 0.507410
2.512549e-01 0.078258
4.066735e-02 0.483648
8.571106e-01 0.043395
8.382172e-03 0.244858
5.174802e-01 0.611241
1.008042e-02 0.961565
7.595669e-01 0.166094
2.378533e-01 0.757282
6.145957e-01 0.006980
3.470499e-01 0.736462
5.639986e-01 0.922572
7.047989e-02 0.787642
9.394841e-01 0.101480
2.312457e-01 0.239321
7.871811e-01 0.095043
7.180924e-01 0.277214
1.370487e-01 0.937714
7.335212e-01 0.096681
9.786063e-01 0.845273
2.957799e-01 0.692463
4.110124e-01 0.434398
5.988881e-01 0.323983
5.402101e-01 0.129976
4.828177e-02 0.377997
9.067363e-02 0.659878
7.301032e-02 0.880683
5.206735e-01 0.210863
6.147309e-01 0.528885
2.453597e-01 0.943222
7.273139e-01 0.122086
1.944588e-02 0.514936
3.071695e-01 0.211565
3.609134e-01 0.160162
2.202222e-01 0.433758
1.224798e-03 0.649787
6.987165e-02 0.461949
4.150865e-02 0.780251
7.336576e-01 0.684677
8.860887e-01 0.867197
2.840387e-02 0.047183
4.389375e-01 0.177133
9.025758e-01 0.109525
2.735649e-01 0.596191
5.409535e-01 0.700340
4.295087e-01 0.406615
7.651707e-01 0.577678
8.941764e-01 0.221726
7.232209e-01 0.374201
2.676855e-01 0.097491
7.468032e-01 0.387323
6.710931e-01 0.934181
7.880571e-01 0.831462
6.124781e-01 0.635204
3.812804e-01 0.624658
3.665763e-01 0.578813
5.599808e-01 0.029476
6.650470e-01 0.599707
5.631348e-02 0.143942
9.286590e-02 0.777410
7.813151e-01 0.735311
8.477568e-02 0.666707
1.647571e-01 0.105576
8.322296e-01 0.102233
3.197683e-01 0.270321
8.202850e-02 0.287736
5.217256e-01 0.947001
9.660658e-02 0.506915
6.778820e-01 0.936349
4.836684e-02 0.294601
4.076530e-01 0.644520
8.104908e-01 0.232848
5.208981e-01 0.629359
7.386420e-01 0.812997
6.537753e-01 0.028453
4.184945e-01 0.617582
6.405001e-01 0.774432
1.250285e-01 0.076753
8.095267e-01 0.172722
5.818817e-02 0.359786
2.603380e-01 0.378710
4.875109e-01 0.100686
1.388155e-01 0.869440
4.160082e-01 0.104174
6.837872e-01 0.749719
1.982260e-01 0.366796
1.942734e-01 0.272189
4.064672e-01 0.068235
8.332344e-01 0.432199
8.004641e-01 0.674850
2.555250e-01 0.471639
1.148261e-01 0.224415
7.220549e-02 0.576721
1.054514e-01 0.126080
5.823756e-01 0.480156
2.584572e-01 0.192486
7.518757e-01 0.133388
1.002635e-01 0.184577
1.670516e-05 0.900772
9.744885e-02 0.808617
4.466102e-01 0.687527
3.828490e-02 0.044729
9.212067e-01 0.775058
1.287243e-02 0.861265
4.322588e-02 0.994196
2.881346e-01 0.667908
2.176644e-01 0.828546
7.966038e-01 0.711906
1.648345e-01 0.193493
7.027157e-01 0.154711
4.545176e-01 0.323852
1.210551e-01 0.532514
4.002563e-01 0.640368
6.776563e-01 0.460067
4.874704e-01 0.005843
2.148635e-01 0.191630
6.515012e-01 0.444097
1.849377e-01 0.653087
1.692857e-01 0.349324
4.593553e-01 0.426412
2.864328e-01 0.050466
6.312403e-02 0.809355
8.515688e-01 0.986644
4.440789e-01 0.284280
1.181692e-01 0.359247
3.585180e-01 0.853785
6.219732e-01 0.786187
3.057174e-01 0.140338
3.459081e-01 0.103390
5.296018e-01 0.967694
6.336118e-02 0.869090
1.014076e-01 0.802604
2.143139e-01 0.395684
3.524806e-01 0.532342
6.766870e-01 0.970042
9.456478e-01 0.088528
5.758767e-03 0.053073
8.668295e-01 0.899521
1.384114e-02 0.419144
1.056726e-01 0.219853
7.172074e-01 0.622791
3.139858e-02 0.461489
2.827541e-01 0.459937
4.880192e-01 0.835533
4.445020e-01 0.202232
7.337618e-01 0.672560
2.397903e-02 0.962551
3.494971e-01 0.384509
2.344920e-01 0.930854
8.845768e-01 0.103244
8.629080e-01 0.875604
9.698775e-02 0.921405
8.946548e-01 0.089655
7.431509e-01 0.968395
3.618448e-01 0.004727
8.107566e-02 0.287189
4.960720e-01 0.261886
6.469748e-01 0.036496
6.123785e-01 0.350505
8.138290e-01 0.285149
4.098648e-01 0.675255
9.370605e-01 0.624060
4.865369e-01 0.432873
4.881677e-04 0.996042
1.978669e-01 0.925420
2.471900e-02 0.264624
7.008776e-01 0.291057
6.759006e-02 0.729702
2.128752e-01 0.006954
5.622841e-01 0.889511
8.019143e-04 0.886344
6.224308e-02 0.639199
3.852409e-02 0.925379
5.123627e-01 0.870053
1.111620e-01 0.547723
4.166598e-02 0.828622
7.730803e-02 0.112911
2.587196e-01 0.860784
3.559543e-01 0.461250
7.682877e-01 0.909512
1.977235e-01 0.956111
5.070600e-02 0.187693
7.895505e-02 0.360164
8.550353e-01 0.627880
1.619860e-01 0.615491
3.021038e-01 0.378799
2.858080e-01 0.694091
6.770631e-04 0.650066
4.189941e-01 0.693692
3.050030e-01 0.895354
7.564862e-02 0.675320
5.561481e-01 0.464393
6.311019e-01 0.176656
1.138424e-01 0.334016
4.191267e-01 0.182003
6.507491e-02 0.024575
2.172594e-02 0.417663
4.988957e-02 0.385282
6.150892e-01 0.129663
2.302557e-04 0.144946
5.660942e-01 0.530552
2.862201e-01 0.246990
4.615970e-02 0.541743
7.995050e-01 0.844113
5.084349e-02 0.417174
5.370443e-01 0.476850
7.421451e-03 0.463442
8.827406e-01 0.880725
3.989552e-01 0.266420
4.206651e-02 0.278005
1.916801e-01 0.458269
8.524730e-02 0.586537
8.521909e-01 0.514849
9.660726e-01 0.653760
5.883823e-01 0.984980
7.623227e-01 0.389667
4.493328e-01 0.322451
5.797340e-01 0.740175
8.384218e-01 0.533712
5.226586e-01 0.099629
9.410034e-01 0.323755
5.142363e-01 0.043379
7.351757e-01 0.517722
9.034961e-01 0.427295
7.315098e-01 0.138845
6.383363e-01 0.232565
5.153110e-01 0.007880
7.737055e-01 0.473045
4.342895e-01 0.790920
7.028708e-02 0.167241
7.216381e-01 0.925511
4.711353e-01 0.291431
1.482002e-01 0.193564
8.831399e-03 0.112157
6.466230e-01 0.615894
1.194209e-01 0.678161
9.183057e-01 0.788265
6.396512e-01 0.726846
1.976391e-01 0.645644
7.729906e-02 0.090130
7.172624e-01 0.859441
2.125608e-01 0.381603
8.125934e-01 0.141796
7.953409e-01 0.390050
9.034374e-01 0.981453
4.263985e-01 0.708616
8.673036e-01 0.114199
4.883583e-07 0.154927
1.794220e-01 0.031653
1.459194e-01 0.035039
5.307069e-01 0.478869
6.109392e-01 0.587197
1.288359e-01 0.434740
1.656189e-01 0.573122
1.996872e-02 0.468185
5.286492e-01 0.864873
1.768714e-01 0.985946
1.137026e-01 0.194948
4.098710e-02 0.101124
4.350336e-01 0.060459
2.082077e-02 0.142289
6.652328e-01 0.989541
1.054697e-01 0.769121
4.083334e-02 0.564252
6.926159e-01 0.411551
4.289549e-01 0.448322
8.254207e-01 0.312491
4.015749e-03 0.157555
6.177423e-01 0.349562
5.952830e-01 0.827615
7.170511e-01 0.393928
5.447340e-01 0.145373
1.819863e-01 0.938963
1.499619e-01 0.507617
3.474261e-03 0.925318
3.695563e-01 0.122664
8.718439e-03 0.337150
2.126840e-02 0.324096
1.932858e-02 0.256673
8.118779e-01 0.907046
4.918245e-01 0.487639
1.618299e-01 0.558645
6.583822e-01 0.390888
5.348938e-01 0.547360
5.693457e-01 0.446876
1.590322e-01 0.558198
7.225098e-01 0.067462
5.173507e-01 0.220679
7.780919e-05 0.043891
5.519527e-01 0.046513
9.430630e-01 0.296372
3.577324e-02 0.036818
4.020819e-01 0.281382
1.307896e-01 0.739794
2.902203e-01 0.249262
4.191305e-01 0.206280
5.436846e-01 0.002209
5.857356e-01 0.537030
1.551022e-01 0.481124
7.192294e-03 0.133548
8.614410e-01 0.459365
4.792157e-01 0.768804
2.561062e-01 0.395316
9.777785e-01 0.533253
1.739855e-01 0.717778
3.139099e-01 0.408417
1.173655e-04 0.748942
1.790995e-01 0.647672
5.930867e-04 0.806149
1.332948e-01 0.568379
2.135864e-03 0.034307
5.811800e-01 0.792311
1.617718e-02 0.539584
2.506132e-01 0.429613
7.979325e-03 0.413732
4.889862e-01 0.948708
8.444337e-01 0.254906
6.612540e-01 0.399924
5.848998e-01 0.706995
9.174358e-01 0.089430
3.441097e-01 0.512941
4.193643e-01 0.438924
1.690309e-01 0.943081
3.893240e-02 0.292207
6.817794e-01 0.474063
8.193848e-01 0.804641
4.075390e-01 0.635246
5.043412e-01 0.544885
9.888484e-02 0.926294
9.663076e-01 0.195538
2.390156e-01 0.537660
7.661781e-02 0.213122
7.200409e-01 0.861759
5.009213e-01 0.442789
4.505642e-01 0.546222
4.102221e-01 0.993528
1.841420e-02 0.030065
3.059509e-01 0.321047
9.622728e-01 0.519048
5.011618e-01 0.722377
9.902802e-01 0.473841
4.045699e-01 0.501480
3.567854e-02 0.123969
9.849029e-03 0.283917
1.112081e-02 0.020864
3.309108e-01 0.390289
4.163365e-01 0.623701
4.676817e-01 0.351090
3.371656e-01 0.216457
7.066234e-01 0.054214
6.652617e-01 0.326097
1.029222e-02 0.821842
1.913152e-01 0.480193
4.429206e-02 0.329309
9.987847e-01 0.756143
8.686419e-03 0.992352
9.494088e-02 0.578702
3.229385e-01 0.339071
5.681998e-01 0.540197
4.685553e-01 0.752935
3.962042e-01 0.102443
4.445870e-02 0.119584
5.793275e-01 0.746635
2.765068e-01 0.211604
9.378633e-01 0.264553
1.043329e-01 0.725771
4.073053e-01 0.313560
3.579910e-01 0.946811
6.743378e-01 0.690502
1.113242e-01 0.792995
2.528620e-01 0.327805
6.621994e-01 0.676628
8.366925e-01 0.279178
5.282541e-04 0.609179
6.963728e-01 0.638687
1.579978e-01 0.380434
5.803169e-01 0.505339
2.839313e-01 0.467274
8.176596e-02 0.970693
4.948265e-01 0.215066
7.217348e-02 0.944697
8.951366e-01 0.825895
7.290285e-02 0.488450
6.072791e-01 0.052010
3.585774e-02 0.048826
7.219804e-01 0.625596
1.512527e-01 0.630351
9.881288e-02 0.283138
8.324141e-01 0.317924
8.022155e-01 0.728903
9.177764e-01 0.254432
1.382640e-02 0.697741
5.678597e-01 0.609356
2.445256e-02 0.011745
3.256899e-01 0.843894
4.708203e-02 0.815294
6.131176e-01 0.167648
4.003553e-01 0.046847
4.197675e-01 0.413894
8.511576e-03 0.835050
2.044804e-01 0.943863
2.025977e-01 0.839351
2.961971e-01 0.762871
9.998670e-03 0.483742
4.014129e-03 0.014807
3.352431e-02 0.037406
5.625152e-02 0.321982
5.092390e-01 0.029011
8.555466e-01 0.900163
8.948683e-04 0.511386
5.228720e-01 0.267567
8.596753e-02 0.532647
3.431400e-01 0.967868
4.958434e-01 0.091314
2.899333e-01 0.678351
9.063384e-01 0.844482
5.433279e-01 0.387011
6.134653e-01 0.196428
8.714368e-02 0.806322
6.092439e-01 0.230677
7.761683e-01 0.892815
1.840389e-01 0.090368
1.217519e-01 0.003231
5.447706e-02 0.146135
8.701434e-01 0.160135
5.632475e-01 0.647450
3.126027e-01 0.984202
9.565460e-02 0.862918
9.349647e-01 0.759590
9.378733e-01 0.333832
3.228942e-01 0.880596
9.436087e-02 0.060156
1.463370e-01 0.862147
1.376320e-01 0.417489
5.558877e-01 0.936754
5.314467e-01 0.489597
7.615450e-01 0.916250
4.519246e-01 0.044366
8.848092e-01 0.699344
8.915997e-02 0.822875
8.019035e-01 0.848023
3.329597e-01 0.287181
7.519328e-01 0.650421
5.264796e-02 0.784295
2.505484e-01 0.104331
3.629790e-02 0.847953
9.766984e-01 0.296440
8.610170e-01 0.252535
5.734158e-02 0.164692
5.370530e-01 0.827056
2.865786e-02 0.318191
1.677605e-01 0.931014
9.090771e-02 0.896618
9.596292e-01 0.153923
4.250242e-01 0.165882
9.619358e-01 0.455442
8.520485e-04 0.447123
6.114575e-01 0.846130
2.133248e-02 0.892721
4.664148e-01 0.507555
9.951320e-01 0.748551
1.809285e-01 0.981980
4.256881e-03 0.263617
7.785865e-02 0.203578
2.247914e-01 0.904539
2.163961e-03 0.529754
7.110331e-02 0.347287
2.556389e-01 0.457171
8.342999e-02 0.436149
4.202273e-01 0.839868
4.093184e-01 0.587891
1.168226e-01 0.615935
1.867417e-03 0.037932
2.352343e-01 0.132558
8.739658e-01 0.092489
4.333473e-01 0.927706
7.228897e-01 0.995620
8.374204e-01 0.886031
7.961607e-02 0.144200
1.086999e-02 0.687546
3.471157e-03 0.120243
5.719339e-02 0.271468
2.192477e-01 0.678068
5.315850e-01 0.711434
1.315880e-02 0.339732
3.046569e-01 0.716247
8.607425e-01 0.846611
1.108311e-01 0.962637
7.828001e-01 0.794247
9.147419e-03 0.815197
7.866785e-01 0.735307
5.525590e-01 0.727776
5.136557e-01 0.652588
3.543833e-01 0.990165
6.170345e-01 0.703416
4.374141e-01 0.845527
6.621030e-01 0.895010
1.045767e-02 0.291188
3.062634e-01 0.845633
3.263197e-06 0.687294
2.781192e-02 0.553925
1.453229e-01 0.112988
1.260863e-01 0.735723
2.898054e-03 0.285080
2.376312e-01 0.170819
5.488271e-03 0.416706
8.000301e-01 0.843179
1.254375e-02 0.637054
2.043285e-01 0.758290
3.479386e-01 0.292555
1.739264e-01 0.304929
1.132117e-02 0.285365
1.181553e-01 0.255076
4.816038e-01 0.773016
4.756737e-02 0.579176
3.572288e-01 0.286074
6.886385e-02 0.863850
2.955799e-01 0.533636
5.072808e-01 0.474687
7.669168e-01 0.129542
5.594778e-01 0.918992
4.483102e-01 0.551633
6.813397e-01 0.690731
9.479079e-02 0.257939
3.226417e-01 0.815905
4.302635e-01 0.910726
5.050266e-02 0.688576
1.000880e-01 0.320772
9.213282e-01 0.772644
3.530572e-02 0.044362
2.285806e-01 0.554097
2.092020e-01 0.484919
2.691582e-01 0.729499
2.483524e-03 0.017520
9.161964e-02 0.837272
5.592066e-02 0.849692
6.568619e-01 0.693311
2.532166e-01 0.518436
2.369901e-01 0.590012
6.833147e-01 0.833062
2.575881e-01 0.326868
6.406272e-01 0.526751
1.254376e-03 0.939879
7.671857e-01 0.959096
5.810138e-01 0.941311
1.140955e-04 0.064342
3.245918e-01 0.333894
3.829406e-01 0.913355
1.204744e-02 0.567817
8.915887e-01 0.267578
2.351278e-01 0.077937
3.227468e-02 0.161353
6.420491e-01 0.518596
5.176696e-01 0.155289
2.266262e-02 0.456162
9.802096e-01 0.514525
6.588720e-01 0.732138
4.350824e-03 0.798474
5.076149e-01 0.888799
6.227481e-01 0.384539
7.278749e-01 0.761029
2.550254e-01 0.325518
1.388071e-02 0.998142
7.420816e-02 0.158316
3.555802e-01 0.169748
2.121450e-01 0.971047
7.925552e-02 0.543165
2.540535e-02 0.018933
6.358381e-03 0.812189
4.182880e-02 0.170368
9.167458e-02 0.162572
5.028186e-01 0.051382
8.063821e-01 0.726169
7.300190e-01 0.566728
3.904653e-01 0.607427
9.078850e-01 0.445079
1.449663e-01 0.400148
6.040770e-01 0.463378
1.685286e-01 0.009470
3.987675e-01 0.964248
3.596115e-02 0.047588
8.786324e-01 0.426904
3.381910e-01 0.067696
1.894099e-01 0.652514
7.683038e-01 0.620058
6.692979e-01 0.148236
6.036122e-01 0.507775
3.619173e-02 0.677342
5.018239e-02 0.049473
5.475881e-02 0.848912
4.208241e-01 0.195336
8.033788e-02 0.025355
3.207949e-01 0.064588
2.079923e-01 0.993774
3.316278e-03 0.110427
9.102308e-01 0.253276
1.747924e-02 0.893318
4.294343e-01 0.748768
9.164770e-01 0.126016
1.349752e-01 0.840899
5.259879e-01 0.224164
9.763231e-01 0.528705
4.824798e-01 0.188752
2.498978e-02 0.965882
3.507094e-02 0.450117
6.198005e-01 0.895125
3.596973e-01 0.108785
8.240520e-01 0.240937
1.669679e-02 0.409213
3.387474e-02 0.247431
2.167804e-01 0.192734
1.987806e-01 0.677655
