0.514061156396 0.540002418957
0.154782999946 0.0776103320414
0.54437547546 0.561874190945
0.119003797611 0.395042268567
0.212410716672 0.368140409778
0.128975567144 0.931000548873
0.352281981616 0.325206283825
0.130737709948 0.197441664639
0.673668738336 0.161006145369
0.100110950026 0.882438677924
0.654842787892 0.499252626729
0.718157308325 0.317152881758
0.936944189878 0.250652093794
0.423863735343 0.323522389586
0.201264776162 0.441948289549
0.818173499832 0.730123275432
0.280383797961 0.212205242344
0.360577765182 0.311054685257
0.150738895075 0.41014715785
0.78965633429 0.0139477243437
0.900504203176 0.533957044957
0.3053269362 0.620785078159
0.180746689294 0.239177026732
0.200206621465 0.404619553473
0.0721114664239 0.0385151151511
0.528975923734 0.985968160374
0.0264149419398 0.422190686163
0.797184647267 0.0253075605425
0.267573498029 0.910043009782
0.533831146496 0.80699691638
0.20275826912 0.550272994766
0.0345712121007 0.30687155898
0.0184408205961 0.211893176607
0.71586384932 0.72043510217
0.132831618851 0.817875295429
0.169064088994 0.444259964174
0.804778980708 0.00890426785151
0.715132192935 0.593671430675
0.447254027592 0.661376163097
0.388135874328 0.0387822786816
0.572923018721 0.557119617703
0.764276939952 0.782293245062
0.25616436145 0.745997121011
0.0252280505447 0.102790970602
0.733422215233 0.967914568251
0.343378315983 0.497664100765
0.548910302199 0.94092277712
0.856642687988 0.922747805661
0.642096104986 0.174056424773
0.303263794976 0.785156485565
0.875046857966 0.179274207395
0.654218732635 0.666596693531
0.161047049491 0.682328358773
0.857038669699 0.868677525313
0.963194950981 0.376428600161
0.909524617698 0.693119884206
0.011121007344 0.475685308963
0.132128520652 0.484636514853
0.76481397038 0.253741479171
0.480099967576 0.456099698806
0.806593224083 0.545977356711
0.131294426097 0.60609404302
0.10939763468 0.166337856119
0.467568414063 0.590479281468
0.411089139114 0.157073641824
0.388710252124 0.995566698792
0.174874822118 0.795642689201
0.507109441499 0.551369339091
0.0829228335125 0.219059289419
0.248749268933 0.453239019284
0.0774378106282 0.931024143183
0.427201989127 0.2781011574
0.344577858764 0.545749384549
0.0870432381641 0.52100595751
0.516706817615 0.342797128264
0.902212658679 0.223555882202
0.776454876057 0.958624430509
0.0468081511299 0.852437310685
0.591249253417 0.885838153656
0.0363868698229 0.690564969432
0.457620080375 0.19025646363
0.0376168050409 0.641442491641
0.248907920059 0.406875498868
0.96117268221 0.600477929636
0.382027837701 0.932115283964
0.70255055172 0.0730386000821
0.0523369515044 0.19333501275
0.00954970919974 0.853680567583
0.0538054797522 0.700214924329
0.447802684371 0.45239452904
0.00239736586839 0.667268156182
0.0372839257495 0.155405351621
0.0760637818171 0.533852807926
0.350562907989 0.0296727584623
0.0598021885632 0.936096732369
0.0341962864634 0.852151008339
9.34935613141e-05 0.797917340779
0.00366388498658 0.533581902484
0.549890764022 0.816651107542
0.324164611117 0.0360344999323
0.145288209942 0.43230009978
0.234872919157 0.944063910667
0.274930570758 0.473576314826
0.509055071864 0.730716271477
0.584824466492 0.281390080821
0.287389195428 0.490813261607
0.689977742092 0.33741039641
0.986606418573 0.533082664234
0.333703675853 0.387797211377
0.727641296397 0.101833670449
0.646748347277 0.46878465887
0.619844801592 0.344968978307
0.768707964531 0.524429445321
0.652921550807 0.547633290139
0.913950776072 0.706447902817
0.919378980718 0.205738277494
0.272379762434 0.496416803833
0.00819617206449 0.534222529114
0.0276058303276 0.0894841257817
0.448532930854 0.414580971259
0.37729767811 0.69103400796
0.925447309739 0.384035463428
0.218888210144 0.859625519653
0.447094462443 0.634901981046
0.0986829671834 0.459355150873
0.819351624062 0.440261259131
0.611115413378 0.286450600768
0.202115400232 0.777050529577
0.993186241565 0.00798893300365
0.719415481244 0.148252007678
0.870509916006 0.875120595034
0.590122523554 0.729167269574
0.31862732994 0.377957263252
0.556821422581 0.860033386132
0.257948585332 0.567871688874
0.104052074718 0.263171283717
0.491121968993 0.946760184114
0.705881626801 0.03909316138
0.00808577111017 0.489847326171
0.222332606503 0.114559375222
0.500015159068 0.0101619215656
0.172536525907 0.484400820496
0.304669560079 0.261637282702
0.71852855991 0.738617261144
0.869466339899 0.674769513389
0.218267604049 0.294618344959
0.17261511602 0.621521893978
0.865716185421 0.681821895544
0.0115718063712 0.236060575301
0.0195226985735 0.325301232078
0.375308371515 0.233614699795
0.305184973275 0.487982785553
0.642395943101 0.156388267724
0.100855362532 0.708135953633
0.0415560104069 0.211613172686
0.483069272712 0.840808902336
0.154484428626 0.4133886837
0.578083152206 0.845843868059
0.718603459212 0.0501697382975
0.0644072143233 0.806545809786
0.790874624534 0.840283163165
0.701765286629 0.117302606565
0.598045664226 0.795715103175
0.00924093137451 0.964367844871
0.68838920816 0.231885051496
0.0863624794189 0.644208966606
0.200883379773 0.0868507290822
0.154358235061 0.558949867364
0.436270638721 0.623624977603
0.426912855173 0.213886725932
0.303988710077 0.673659365456
0.369309779594 0.525971504603
0.12441951145 0.32601820969
0.964278324028 0.169785130203
0.191568605331 0.875116296136
0.653056999298 0.0289795195957
0.366175478599 0.722774590404
0.712698756399 0.828779636658
0.451290000716 0.342846936382
0.180026836224 0.774453798283
0.643562155631 0.739964014622
0.573545832915 0.15827712107
0.799509959904 0.592185578336
0.00687268904806 0.930006329139
0.163910996404 0.471315546516
0.253343185318 0.632325880859
0.636276745952 0.466387789168
0.022137046841 0.722793679243
0.0458159746356 0.1323791052
0.0489312682152 0.438519667306
0.980751994039 0.797792979539
0.452942634977 0.0360133969145
0.0756879948965 0.983051306937
0.033755507611 0.0922578959504
0.303407942508 0.625627533576
0.795904186722 0.431077789309
0.0552792407416 0.717717692314
0.553072080606 0.490973177657
0.0383549580492 0.810581736051
0.43837180864 0.361046500042
0.066306875591 0.950570376833
0.994609173375 0.241310805141
0.931377337924 0.823212155941
0.038783778115 0.919896096747
0.361993943495 0.894162434308
0.413878307589 0.2447682773
0.985548071579 0.935038961389
0.124248718488 0.331370360384
0.504909845217 0.343658328749
0.797150353918 0.895934330457
0.853911099196 0.439960776311
0.0783531184735 0.585132344811
0.858009828771 0.164502208345
0.0197809036799 0.549088361472
0.114935888708 0.582973511677
0.174326569728 0.333362822368
0.664170438105 0.350047529493
0.0496210575825 0.126864156909
0.953297174313 0.494713290859
0.402678748547 0.777381292044
0.916233440851 0.640571795412
0.625424245136 0.562660711512
0.0290551221467 0.601974998608
0.304888638032 0.806799437134
0.649164385191 0.5450265814
0.0622664802309 0.466664412939
0.675470922082 0.999626996261
0.0354239688926 0.111217601043
0.224834837721 0.109525751557
0.102821478947 0.349473670107
0.257454616053 0.244714401505
0.27549034296 0.129444856339
0.118250892028 0.930531255234
0.579762435079 0.815094169108
0.16017896655 0.977933022179
0.0844766185648 0.680939419357
0.659783920409 0.766821957009
0.0295277525815 0.128770522833
0.354547605532 0.47519928207
0.645496498323 0.953161355461
0.0845735310919 0.595661148899
0.662053434589 0.504945852189
0.274613110192 0.40262641317
0.960837689515 0.511587744506
0.88045203805 0.956432606011
0.239976895776 0.977594993024
0.575866212161 0.353560118391
0.0124686644542 0.514195670992
0.376376061155 0.17673106113
0.641023032813 0.0268927588924
0.42043317036 0.811005360014
0.417758643684 0.30599269385
0.139709151129 0.101394552828
0.0651105490762 0.253022057856
0.787509388473 0.278250600526
0.501387703927 0.942539152405
0.317524902495 0.0129241433349
0.380938655789 0.0588128938731
0.0420093276673 0.493971801753
0.239725881845 0.36839324584
0.305138055636 0.430817893215
0.167793438645 0.866229979249
0.127991126483 0.165741080035
0.823646652439 0.741740647622
0.267100662125 0.754711993569
0.874598845328 0.791284981665
0.844001019394 0.658784460026
0.323950965248 0.465298032774
0.510228937328 0.253196499036
0.639825138153 0.411064904563
0.363447791814 0.212623913291
0.620145674343 0.513970480589
0.469970941317 0.532278972735
0.0616958251533 0.646914725674
0.759854217458 0.145548136661
0.887665828782 0.759051584005
0.653644814091 0.88337657266
0.849062560289 0.974960709058
0.504320192151 0.200362315443
0.11492906575 0.487211163396
0.828013571746 0.982400446488
0.0164737086827 0.157800225132
0.174488114803 0.376777023621
0.498343263088 0.724728992784
0.0260195239875 0.758503930562
0.190019031757 0.539603198751
0.141288581273 0.831188313263
0.719187528847 0.263207795992
0.196870719874 0.899274277708
0.00141498371157 0.965699406612
0.866171396479 0.364080453029
0.483452749925 0.76316870637
0.0138931212033 0.100129178719
0.497652218003 0.351885028693
0.291664722888 0.800865975961
0.114700622385 0.313402134271
0.690090600222 0.766605142501
0.32325581453 0.863406871053
0.927814179039 0.215030571744
0.90360529403 0.49731453188
0.419353243139 0.242008901182
0.182989489235 0.678333556627
0.119061790914 0.280909960961
0.853422370892 0.956279940527
0.577807218622 0.290894576924
0.861307638898 0.751713172726
0.0915466303429 0.413307125453
0.104143375454 0.119234028255
0.37246088575 0.249738089191
0.944081138624 0.00941431634188
0.722162648575 0.736031491461
0.125411233567 0.700074444629
0.815117669151 0.751590354878
0.554713006534 0.721186229376
0.917313775074 0.098823259703
0.0607339615948 0.864911623402
0.93875122793 0.150005279695
0.0747076714727 0.811261832156
0.664470893842 0.598687071036
0.399985537589 0.0281525030884
0.974939201545 0.0392149050519
0.853618326576 0.336592203575
0.985198629826 0.691153990945
0.298067736417 0.617795792133
0.024145515192 0.893897783367
0.817643832396 0.743357509978
0.693690312183 0.755839171805
0.552428979614 0.225969557901
0.841103953256 0.128405301337
0.01702099793 0.997330500531
0.220851279988 0.343683367037
0.453968667045 0.953687785405
0.157832006364 0.850791960822
0.536702236954 0.34682363903
0.659193262662 0.253786681576
0.83582313124 0.982645422244
0.123047816322 0.0506459977152
0.245999574441 0.448442735914
0.28934442156 0.367964667622
0.557759050792 0.00886014614206
0.379145795951 0.882303652541
0.535882315541 0.765876892103
0.880151109647 0.988003233989
0.540287434172 0.690051206471
0.128303587887 0.842069992273
0.0793241770242 0.467406574634
0.748345291699 0.89558604777
0.0122472657048 0.927614117166
0.791438290589 0.0980202884048
1.24704047542e-05 0.154361156993
0.0830222645049 0.258548585743
0.07397705201 0.768247600648
0.744664187995 0.20844577603
0.275550183421 0.798437871425
0.39837557219 0.190850687144
0.022019390429 0.618906320055
0.963808767441 0.083668978012
0.215696166135 0.427505149308
0.0843377291523 0.207457833902
0.81414072745 0.565917715119
0.257007497926 0.316968856848
0.0264183086422 0.401407432957
0.272288769225 0.618023403588
0.866175707834 0.993285283128
0.257966992546 0.660953430352
0.0328183800875 0.331487834166
0.126696488692 0.905623624049
0.190625332966 0.354680693712
0.427570478164 0.206268791986
0.331269341567 0.800121593662
0.457211516607 0.92030962225
0.357320430659 0.200244996904
0.888588442165 0.413045939709
0.587981775673 0.71105066701
0.0489256605364 0.224908220293
0.726684195142 0.58043194255
0.0804779776454 0.785796372471
0.000801352709918 0.431462017055
0.274370189945 0.444361900346
0.0130840791805 0.583870074453
0.743209550722 0.0712990586986
0.196630804081 0.849092926147
0.690362310307 0.0560764371191
0.353154131297 0.642508383887
0.0326139678014 0.588558952745
0.811979801431 0.774864400215
0.783557813775 0.31628212753
0.374390044579 0.176228674632
0.224519180659 0.990796488812
0.326059143569 0.566494875267
0.899953248177 0.0991425147424
0.821209599665 0.553432228805
0.00237411212172 0.803328598639
0.596451833363 0.576031264134
0.27342863938 0.25132519874
0.549539938044 0.416736477165
0.0183912356202 0.165423817523
0.00184486560122 0.606284981872
0.464421010795 0.873269865216
0.245770877925 0.647318968441
0.761843874339 0.197285182558
0.104780674878 0.0233036263958
0.534392712356 0.524586166993
0.171974344982 0.785017411593
0.148040632256 0.719523307147
0.67051663147 0.431449462256
0.244274557222 0.707113800008
0.0333030355973 0.603389438535
0.826957746889 0.258264902044
0.528062469147 0.3295782457
0.521126592176 0.399008137642
0.426155037368 0.70450182167
0.0625236061421 0.0546083065442
0.125229151054 0.416666331415
0.83292919636 0.731324834677
0.0627841817528 0.319045345326
0.177966918409 0.266289621411
0.995064871817 0.666951930815
0.72879983005 0.582404007761
0.000937915540035 0.52777794304
0.159860079902 0.178077139872
0.800988196899 0.583952442015
0.896190874652 0.452860430152
0.0092979669334 0.0867261876795
0.228070128419 0.166366023024
0.106521659993 0.416349966568
0.332936542594 0.999344621982
0.448500100956 0.978189318211
0.000410104361663 0.449751945452
0.325906393726 0.932711726129
0.62946064118 0.176976690526
0.15110855798 0.759116257722
0.033962073368 0.570594893011
0.267706680696 0.72759569605
0.050754772374 0.559867091405
0.0193694565445 0.606981948812
0.510898694779 0.568245302068
0.128974291328 0.00483448657753
0.0698740657908 0.505081427072
0.523210292606 0.399118174216
0.708509336193 0.684705647077
0.596395254775 0.436077559644
0.419298812001 0.261863174045
0.107575345998 0.00794553608695
0.903984688183 0.859357309433
0.396260374721 0.55522296249
0.253044811807 0.807347428138
0.0386563995863 0.579307450742
0.365841182435 0.375833202515
0.0465387197568 0.977971717478
0.991767141761 0.610834021354
0.433696963812 0.397123509455
0.277255664988 0.450210962754
0.106440244322 0.575069807608
0.0602732854037 0.263900100321
0.0836126489928 0.799283886807
0.233688007651 0.334495985482
0.0257665530872 0.677149421822
0.00125934117618 0.444425294676
0.357869405052 0.630975279525
0.397279416305 0.705542935521
0.865005547783 0.199512581547
0.539857405524 0.115438199231
0.80387753556 0.591954478542
0.386928319476 0.773636946614
0.00482029838544 0.584247068172
0.221591749985 0.210071317475
0.693326062657 0.944735696277
0.5144798654 0.63751613419
0.472050063718 0.653488993565
0.0415603002304 0.979074657812
0.158445463582 0.586649858122
0.304301775059 0.134508743736
0.0706060898401 0.390944326311
0.430654849212 0.718498434551
0.507867068659 0.855999718693
0.0835776582932 0.569513928783
0.809363154747 0.237000939162
0.234187107093 0.274999690888
0.276718657525 0.0790741149033
0.295444887719 0.743278626509
0.596766449278 0.634172121847
0.23173599414 0.654378118079
0.129770619125 0.0958749777178
0.393614224183 0.702901275774
0.290623937863 0.484801283979
0.688020722218 0.548057512599
0.777951560941 0.473074431113
0.134688818122 0.920427653248
0.121848367336 0.686973383245
0.681065745714 0.675542858379
0.0939783262964 0.999908745114
0.794796535319 0.38758280486
0.239966361408 0.445526225215
0.943530921762 0.82531244003
0.0795004050754 0.229897986943
0.319344259048 0.0642504855921
0.234737497103 0.720601457775
0.504441017269 0.465776022621
0.0376557683475 0.157206179764
0.065305341575 0.978640020538
0.164981775891 0.414977583177
0.24944108918 0.138943083519
0.159397114139 0.557409249681
0.530761174751 0.591286180133
0.772886101211 0.62517954556
0.159013002895 0.0983574049988
0.739002341474 0.715500041287
0.00816406587485 0.391248877247
0.0271717841453 0.0863457741417
0.330746838054 0.107749533288
0.0217614740995 0.427264405007
0.875023754456 0.086501101232
0.893004987369 0.173247372364
0.373481390395 0.859047180424
0.668025699368 0.727212342616
0.353314165927 0.75572004287
0.15551599177 0.493363872106
0.173169520389 0.076832238785
0.204238516343 0.602829759373
0.473324406027 0.818462698714
0.329365023416 0.496597944272
0.425320572889 0.0844217860125
0.679753620601 0.46664876398
0.164030239107 0.606667360355
0.183234956782 0.825727267118
0.105626424894 0.136038268681
0.21242903318 0.645742128543
0.00130476909044 0.848886824709
0.582034447116 0.562091846072
0.0663360274526 0.529240003963
0.534155752018 0.942748446448
0.781197466622 0.539476740677
0.926738021246 0.199242496511
0.0139869058745 0.779378149659
0.180324354166 0.386520641587
0.0852910383028 0.0574699696716
0.800781567425 0.477085867485
0.482284489771 0.0552537598827
0.326224080812 0.911735189412
0.883820962863 0.417468575753
0.124679833765 0.127676163892
0.398453669483 0.844876137534
0.33687374808 0.222252153634
0.28191598601 0.528236666619
0.0131951899689 0.0540448983542
0.459047184457 0.149362664833
0.104401966352 0.816127440215
0.312710748938 0.262010327487
0.592944413763 0.123276285798
0.513511623911 0.246001295718
0.746425709804 0.0850788984732
0.0831167266014 0.783023703504
0.698202328982 0.352597609421
0.372502919406 0.629031905394
0.955095792052 0.238366160495
0.462045255614 0.720288598815
0.947045539047 0.33687898388
0.0832161767603 0.120473765369
0.485132282994 0.410676988108
0.479213654729 0.812875791479
0.725742167146 0.477088204909
0.00373009160416 0.726264162554
0.156797102105 0.66687390654
0.711445941497 0.334314642909
0.0516276782305 0.0229734648357
0.773575390961 0.675874724022
0.00674260039737 0.525476474786
0.178445654465 0.80206892235
0.768004267739 0.38865030098
0.436892220393 0.818156008814
0.469383287781 0.199862155929
0.740561375818 0.582378857206
0.154189347686 0.577735734243
0.843197629693 0.674774191225
0.497882056178 0.271234814556
0.0980557778653 0.836982885618
0.432639039037 0.470281670064
0.938399418058 0.405345544783
0.0584076647515 0.958394246252
0.121617959441 0.809155850501
0.415518179409 0.721407838857
0.659415148691 0.0272144701791
0.511747136769 0.319906466661
0.0966695837145 0.08932143208
0.105155760758 0.423953647338
0.0563976409559 0.983812439381
0.532706364648 0.264779403107
0.00234488835859 0.304498003013
0.896663430813 0.336943326896
0.07149116254 0.471116616437
0.821427892379 0.564138002285
0.248107529216 0.669045102243
0.088083840043 0.036746460149
0.127234364013 0.603072426333
0.563670664118 0.442145319334
0.0721333972034 0.659568676516
0.82130308904 0.715829680382
0.00908289002889 0.99567209248
0.34799845563 0.225037300963
0.341822748989 0.00706394089241
0.66286881819 0.536442863752
0.774372429107 0.686077551722
0.00971479560942 0.228205637612
0.0177502807445 0.139573782556
0.460023021846 0.0541341748297
0.637122639434 0.155999299572
0.440216934644 0.263404739383
0.337778636416 0.462168893823
0.445261324176 0.887449220477
0.705046110528 0.870776176732
0.870649461905 0.527459050595
0.784241970995 0.388971138793
0.0129231802007 0.343956415963
0.944579000934 0.180504885283
0.648167143308 0.224423315255
0.134187948244 0.211888042792
0.0781064302801 0.282368192046
0.595551866676 0.583720855039
0.192494819141 0.564776948279
0.840152495913 0.950975449831
0.166410437855 0.526960805896
0.487466830215 0.249593892162
0.450381710109 0.769602886595
0.000162063261507 0.0788165066611
0.0767433400218 0.145887359045
0.544072180168 0.266141339624
0.00123303225867 0.463257791173
0.000301474379528 0.038300897187
0.000689288145109 0.367786948996
0.97488658961 0.391853595546
0.120215812688 0.068043641102
0.136673987983 0.588276143243
0.474160227189 0.537598347141
0.505228032188 0.00989394676934
0.21296488241 0.404379468784
0.641973384169 0.263442997931
0.00164851757324 0.651700397246
0.427478065175 0.725346714756
0.0021097557843 0.929696072134
0.370486656557 0.218029021855
0.501974719301 0.200917533392
0.0462397040837 0.797568572656
0.940599449842 0.0792252319795
0.653928501698 0.282333042965
0.37382671004 0.726744678739
0.28823052134 0.00895234585026
0.487628300302 0.536269512452
0.418698022817 0.0269926285652
0.000245375191783 0.753183238512
0.802546600772 0.929711976667
0.49443696118 0.59937085405
0.180148130092 0.461015672497
0.970863463165 0.311571793949
0.139302234619 0.967874523616
0.327543731658 0.36897512841
0.062072515563 0.486014642691
0.396174337146 0.765183134669
0.661005487557 0.631104992311
0.129708842894 0.659131295419
0.577339748481 0.506356587899
0.0238592966407 0.793062648629
0.68643273595 0.829544393214
0.319254036722 0.141341056592
0.313438205928 0.908245212192
0.00688145777704 0.387357452157
0.797946003171 0.508879204867
0.223195723686 0.289300044011
0.00283717340511 0.312661254937
0.0349505420162 0.73561242324
0.640322176655 0.0175918945058
0.000475124004346 0.474597105206
0.0638802120645 0.812062969881
0.145412127674 0.501402051759
0.576644217601 0.669552472177
0.0169189346899 0.48706903662
0.13401486632 0.14762704456
0.166113040449 0.343006011809
0.00247365785518 0.0895978292789
0.44405209672 0.0915338534777
0.0575896241295 0.395141703629
0.0904105427015 0.931119975917
0.000860587441616 0.342203193313
0.0031423195166 0.716986042283
0.343947359402 0.692285972814
0.00762235214486 0.411457737502
0.177513613516 0.663351044255
0.00433621206119 0.301469516554
0.573596776235 0.665374991594
0.734647636998 0.703838007559
0.321343451909 0.396506249215
0.879910045078 0.228269853863
0.375903536797 0.438123838963
0.56684313627 0.44400039151
0.263303012797 0.00204568889222
0.512192836252 0.801553712296
0.0290092702987 0.586845449242
0.289054589367 0.46707533237
0.457621250577 0.467588369945
0.2173700627 0.800547696676
0.526106403896 0.118309134789
0.184601338645 0.91789730993
0.358547858274 0.898796282469
0.680602214083 0.623661420436
0.71713929096 0.676475433765
0.768155836087 0.910538862162
0.156701739089 0.174044342483
0.442376333406 0.352031731534
0.645523362665 0.902407699389
0.110652191313 0.191279330776
0.020600679132 0.344708547158
0.0325482035843 0.220304259261
0.328050218656 0.537312197607
0.885397488087 0.707053031033
0.346972595243 0.470969815957
0.503688298855 0.853438343941
0.751986042613 0.345289821541
0.811917886067 0.592852133245
0.501454607146 0.582656444623
0.727317702375 0.928480721727
0.206022935905 0.00612331716929
0.821283476045 0.462048121156
0.741119913214 0.274782527649
0.0520521323871 0.927161514606
0.318702868116 0.740160777616
0.609763132185 0.9926431124
0.417534283709 0.953279164631
0.438905698493 0.097230960386
0.604657764378 0.633820090847
0.0254031251683 0.122597376162
0.0027674577117 0.0640923069038
0.829086033404 0.954518350934
0.0179410761512 0.0442601866353
0.670136307687 0.181650561975
0.973409046122 0.407188281499
0.868000678259 0.168655872961
0.00421725762451 0.0440943502373
0.288619556419 0.857120007244
0.0255598845053 0.672700961837
0.425843587531 0.596078800024
0.130387482196 0.190900251964
0.561741163947 0.549038046036
0.358731797735 0.152858634704
0.197051873392 0.237530129451
0.0502378419614 0.38677025713
0.00605080124355 0.485108160582
0.543645282146 0.034970135076
0.785434432864 0.354298103935
0.610224652012 0.642438772614
0.607917364993 0.293093692017
0.202508089152 0.567194765837
0.730284102051 0.397367159949
0.509793574456 0.1702863215
0.613585728559 0.770669020032
0.963939618655 0.20140791857
0.0168972628191 0.841098649717
0.65704435177 0.154858170861
0.127894276585 0.676515207668
0.720862274663 0.359218504579
0.0604353839474 0.878623264752
0.000219985916231 0.598524732184
0.824178638113 0.496743483956
0.868711575817 0.623984970072
0.0407441932228 0.773860740813
0.186302805809 0.155312965959
0.0288746636644 0.842273826666
0.274701592928 0.598504987542
0.195798901705 0.906985027015
0.000954914162501 0.592270739068
0.555962992437 0.758266465471
0.655437297414 0.455765526172
0.342394238677 0.870019830292
0.00507440887864 0.555141409863
0.746001455732 0.770170828181
0.576596305442 0.0534660771289
0.388175285041 0.546421045896
0.541534581176 0.390589505828
0.31644872576 0.398458277871
0.0285422438256 0.0167682654512
0.33514580198 0.858297937825
0.3011147458 0.208549576772
0.702994852147 0.0452940983262
0.144476807832 0.202713705341
0.412597319301 0.482455151221
0.471177469966 0.994396854301
0.0312321194726 0.600949106012
0.272132682422 0.410309105261
0.101813176428 0.89370963962
0.255017432052 0.523337863169
0.29014160694 0.205406756457
0.379956225873 0.0492688145827
0.591072243202 0.066805708744
0.808437008948 0.532389621645
0.0502702396011 0.882179404313
0.2157958429 0.986708382085
0.192406421536 0.4457127636
0.367142497984 0.932857799801
0.496495926983 0.683991438079
0.0608764191651 0.85460665364
0.398958364834 0.644161290516
0.799888112193 0.504566957859
0.724119434844 0.667967777268
0.0189508562394 0.531715822968
0.143767138108 0.72236344518
0.26356462521 0.0850779136917
0.448728886731 0.741249450537
0.217936978 0.239180748284
0.504184864886 0.986904108893
0.462918434387 0.875897126488
0.543670768367 0.776531456885
0.989544053913 0.118677841693
0.117446039911 0.71512683809
0.639091687802 0.188426653385
0.114807866049 0.284279610327
0.00354770043838 0.644522889282
0.522125434081 0.083525998869
0.0418995065685 0.405764924188
0.046272194569 0.112240510494
0.14291650964 0.600475421073
0.540509384831 0.956415644993
0.159282224655 0.386863184988
0.729207806758 0.584884102983
0.90433603116 0.588341042978
0.835266368395 0.579502276762
0.00503022290127 0.48321252137
0.417422627763 0.934803608656
0.096381901591 0.598945948672
0.895266344942 0.145855791729
0.391093409519 0.68581889625
0.530590554667 0.961003084136
0.31475740439 0.425282485017
0.861567766213 0.20315849856
0.590167815074 0.511006061591
0.313433824496 0.313654370504
0.779508990416 0.823346341636
0.416467047124 0.260381699407
0.585553807197 0.89594150714
0.631268306027 0.389245818699
0.0521620108276 0.212814992392
0.791273230449 0.537470392258
0.531321933221 0.520604231889
0.370086364616 0.296757228949
0.436203395861 0.600632604794
0.337872754687 0.492399378472
0.197773805906 0.105305789827
0.021339227309 0.680788584111
0.903352650304 0.928391352695
0.291038709463 0.133734053996
0.01566002339 0.656509714132
0.0407399521048 0.844420996529
0.292511086074 0.572218456467
0.0053704462745 0.686444618708
0.095672410355 0.569599245195
0.0554493873323 0.255670823443
0.373215700386 0.225293469735
0.00430585253902 0.510209305883
0.0933853913821 0.331509186868
0.475819547905 0.522357298204
0.370070745498 0.665063720205
0.530391943151 0.644798919331
0.408738406419 0.0260604123598
0.438345800978 0.222575415801
0.150426647358 0.397199938448
0.0339642274556 0.491595007063
0.144190719025 0.180114010147
0.808555392273 0.00122215708194
0.091522076956 0.672979581458
0.0847384598984 0.297218973606
0.108749976665 0.996654359496
0.138657414835 0.87378061658
0.050961687913 0.412658880684
0.0343905215584 0.949986259333
0.0140501974417 0.854656111045
0.688959711084 0.552900026334
0.00161665636482 0.716444893134
0.00347008974677 0.411943654385
0.326183581531 0.464745331129
0.0817393179656 0.891663987837
0.00860007261879 0.0073770304397
0.173707870682 0.864396864378
0.135690972571 0.0503196638256
0.212329572905 0.799564895116
0.0790159480186 0.462828685695
0.00576667155265 0.521215271398
0.0981289715089 0.675460002211
0.741558037296 0.82252835633
0.258877338117 0.910989389045
0.00748076683164 0.162088117531
0.0260525949884 0.818923117682
0.67704783725 0.404020463443
0.36356597039 0.0527605647249
0.340878898838 0.375284160122
0.0289101576792 0.54494119292
0.652626679205 0.376416127811
0.938090791417 0.350128080887
0.0145275760661 0.569716542743
0.627814692322 0.106284595241
0.0574518190372 0.542772802801
0.467235677546 0.291813432274
0.181147130115 0.196346962392
0.0880598352294 0.904901661594
0.961110395372 0.86620332995
0.652403977241 0.766269303385
0.608484781416 0.309691635329
0.389346948338 0.394005770354
0.00667555156081 0.568736860841
0.00181398382747 0.415363273487
0.638635705997 0.0545981855723
0.490583226638 0.690898133113
0.389341970858 0.477811076007
0.471840229819 0.711679686545
0.792541741976 0.191465052694
0.261698096662 0.947375834427
0.00787700032579 0.00417466311424
0.125878801645 0.806944659394
0.032480432362 0.904759925141
0.0658320457944 0.943781817316
0.0526105389038 0.697322653106
0.0506264464931 0.569567983179
0.00905175609661 0.92061052071
0.607706333257 0.544115253554
0.929053232686 0.345030225259
0.314686959764 0.358804170111
0.732732504012 0.433450987816
0.333224863346 0.660524459712
0.0295378659947 0.277727972627
0.305358166231 0.881358604173
0.958750313888 0.0166839012788
0.825865914429 0.222681613092
0.708754811674 0.828762249521
0.781008281384 0.294216744335
0.336928754915 0.301360487005
0.562473918712 0.965623978642
0.0582813447356 0.0580330953319
0.796113817979 0.359732737401
0.958855598509 0.409529298564
0.179039427748 0.44773510326
0.878336692219 0.805193493843
0.0175273865442 0.497358896611
0.970682597822 0.607566736442
0.381042579292 0.0416756749869
0.334263988838 0.97866173861
0.303204171807 0.900626846524
0.0796287125523 0.78834816449
0.300357763507 0.398931818851
0.960630400416 0.807733273128
0.665280511254 0.33642545607
0.37875784397 0.643901007505
0.0775637648324 0.548881127179
0.750147831074 0.30141136671
0.878182553564 0.992945384362
0.409235859164 0.156734084081
0.90510986464 0.267489400844
0.01695932407 0.850513769011
0.835566210771 0.356397390746
0.419670542852 0.802619552184
0.032294684973 0.976037411223
0.00613990297822 0.422021764581
0.0529693151936 0.828486154385
0.0150094413664 0.782003655375
0.68218262878 0.405972999223
0.341354310522 0.825845301132
0.515275612861 0.689608914851
0.00764572333058 0.0396584386412
0.926850849457 0.822175151574
0.0102041585061 0.407900699432
0.402960019124 0.604089593088
0.042846782123 0.513792075947
0.0362398392112 0.317091393705
0.0721406927952 0.505463769806
0.187460582303 0.618760083709
0.682272003982 0.257977928487
0.502320230798 0.918287051537
0.713619509069 0.453704425999
0.182407932957 0.192178730816
0.0124505035533 0.312880108594
0.0118924077797 0.882219904664
0.0486847958116 0.0984163921142
0.534336361042 0.013195676628
0.0470556383561 0.142480917839
0.74868419003 0.212891684017
0.669893126191 0.274598613588
0.432460492369 0.85947841727
0.85181858171 0.522727630824
0.288980060789 0.677345218701
0.770930476588 0.838756111087
0.954893749769 0.433781063862
0.0121423456237 0.98063898331
0.14581482841 0.736037661376
0.737989444136 0.400074324571
0.157697247012 0.672237093173
0.689150045925 0.406532506295
0.207681120205 0.532679659832
0.123698438617 0.422719075374
0.480597986497 0.0582462927367
0.186697710475 0.46365144114
0.587838678057 0.843469329065
0.334169624406 0.158409141812
0.119554381702 0.233720019496
0.00738135878905 0.297859166343
